<?xml version="1.0"?>
<opencv_storage>
<R1 type_id="opencv-matrix">
  <rows>3</rows>
  <cols>3</cols>
  <dt>d</dt>
  <data>
    3.6984661848994194e-01 7.3471502417295242e-01
    -5.6868911722143356e-01 -7.8667503050408660e-01
    5.7330100801448813e-01 2.2905970966314956e-01 4.9432365427212760e-01
    3.6265656958630965e-01 7.9001540324410158e-01</data></R1>
<R2 type_id="opencv-matrix">
  <rows>3</rows>
  <cols>3</cols>
  <dt>d</dt>
  <data>
    8.5683755138651840e-01 3.9477076949463057e-02 5.1407292374670133e-01
    1.6531134443474499e-01 -9.6545969848461921e-01
    -2.0139446368548794e-01 4.8836622521948914e-01
    2.5754442528914190e-01 -8.3376813267679695e-01</data></R2>
<t type_id="opencv-matrix">
  <rows>3</rows>
  <cols>1</cols>
  <dt>d</dt>
  <data>
    -7.2579445965361122e-01 3.6764338519546763e-01
    -5.8142991293718249e-01</data></t>
<R0 type_id="opencv-matrix">
  <rows>3</rows>
  <cols>3</cols>
  <dt>d</dt>
  <data>
    3.6984661848994194e-01 7.3471502417295242e-01
    -5.6868911722143356e-01 -7.8667503050408660e-01
    5.7330100801448813e-01 2.2905970966314956e-01 4.9432365427212760e-01
    3.6265656958630965e-01 7.9001540324410158e-01</data></R0>
<t0 type_id="opencv-matrix">
  <rows>3</rows>
  <cols>1</cols>
  <dt>d</dt>
  <data>
    7.2579445965361122e-01 -3.6764338519546763e-01
    5.8142991293718249e-01</data></t0>
</opencv_storage>
